
1km by 1km more data

Beijing:
MAML - [0.01662481288708277, 0.1004333637977218, 0.21247685724933585, 0.21669521977960532, 0.21689037062291514, 0.20838000225196052, 0.22016170898652718, 0.2192145377427192, 0.1917689232903477, 0.21907460958068958, 0.22150445506870486, 0.23994853961184, 0.24016145734620506, 0.2268353640904439, 0.21230507352139694, 0.19970375071514437, 0.20798112301742683, 0.23785695798464326, 0.21550026689954366, 0.2378433960911629, 0.20421592946821754, 0.22627063123639038, 0.212004084823843, 0.2068691539204682, 0.22323376344783472, 0.23805855027362016, 0.22056687934903615, 0.2203492030361965, 0.21420195834316075, 0.21412082268588584, 0.2270966216568704]

Baseline - [0.08598966854019392, 0.028153786131828517, 0.139577275275461, 0.1641298050069737, 0.1858014305740463, 0.18854738190826964, 0.20128489311833359, 0.19946660483155637, 0.20935052783597421, 0.22179522255259995, 0.20994185075750377, 0.22452634720308792, 0.23966889602561933, 0.23396193655517883, 0.2083344422733963, 0.19296264998608167, 0.2062854245230412, 0.23400812114161712, 0.23171043812787734, 0.23957444329469735, 0.23021265860856663, 0.23599253303460427, 0.22775873951931888, 0.20541737713953045, 0.237671195738674, 0.2475076677135139, 0.23936526806922115, 0.22821344004861346, 0.22788321966703035, 0.2048806713854165, 0.23550077879862066]


Doha:
MAML - [0.018774870876522822, 0.4461986988630416, 0.4605459858418598, 0.45526378428531905, 0.4795296140362843, 0.48388815505830346, 0.4890233211606109, 0.48829620207494306, 0.4837466321273274, 0.4809915678996056, 0.48352718861137634, 0.4848841796003194, 0.48260073325673153, 0.4822740827985746, 0.4794923709981111, 0.4876140002993025, 0.4739582533297983, 0.48342096533742474, 0.4788880190757486, 0.47466988569835245, 0.474033890221726, 0.45924248339880963, 0.4660447423183072, 0.4748554602863016, 0.4742969171307276, 0.47550163430287334, 0.4736383430113556, 0.47207442429591717, 0.47134104284007955, 0.4599957128677614, 0.4656355031977508]


Baseline - [0.1457074100190883, 0.4179650162537708, 0.433882404613194, 0.442583739127721, 0.4323127616577699, 0.4570205655263999, 0.46542906425554, 0.44911902065936093, 0.4738837612035926, 0.4622439043758473, 0.4551432567731968, 0.473138344693196, 0.4785198803564263, 0.4748376311845267, 0.465972009826574, 0.4770902949250764, 0.4478870657436953, 0.48303358709338784, 0.4763446467584215, 0.47729111618299097, 0.46076602308294745, 0.45127506991996386, 0.46669513465778756, 0.4749264490144895, 0.47399574229860375, 0.4737564422701811, 0.4744591903961248, 0.4644299311765847, 0.475279997555981, 0.4670840328512521, 0.4726239171549237]




Boston-Roadmap:
MAML - [0.22102518479425987, 0.50416951035857, 0.554460672696367, 0.5485414636871627, 0.5594913983788166, 0.5730988553916169, 0.5528247259196384, 0.5736097717775634, 0.5537089086628182, 0.5620410882108752, 0.5566850865745061, 0.5657387372175823, 0.5473779873328779, 0.5490411920079866, 0.5734662968789056, 0.5691989459290359, 0.5728062692221051, 0.5676212704449329, 0.5663835488354727, 0.5606986669989759, 0.5767040272272208, 0.5699310536175266, 0.5603675374125493, 0.5685586187614143, 0.563546897875594, 0.5668433849396792, 0.5576444137738409, 0.5725098069367222, 0.5679989167000251, 0.5654186675233751, 0.5680357462223875]


Baseline - [0.010249686874137845, 0.0037162464566818563, 0.0037093684039337846, 0.009616052705890249, 0.029037100130769503, 0.0038113401981221973, 0.010921550862847582, 0.12170352824401474, 0.20301506716338052, 0.33849920458795457, 0.4089615425884393, 0.5288747877405526, 0.5306994728284645, 0.5360284713764334, 0.5333090370774534, 0.5609803904796005, 0.5553176932860507, 0.5557911999289175, 0.5740284645845195, 0.566328608970621, 0.5630829272074281, 0.5658557246341774, 0.553132059951046, 0.5706362694127257, 0.5681890539992107, 0.5698345437907456, 0.554152114073757, 0.5613202274458816, 0.5651402360573755, 0.5735327923430471, 0.5701975846994777]




Tokyo - 
MAML - [0.016493289780385896, 0.3261690488871719, 0.44451778849555285, 0.43838577547058943, 0.4746715948777708, 0.48017255475181614, 0.47734396020096614, 0.48338909522387524, 0.4881029803521017, 0.48198177284461846, 0.49642608634455865, 0.4856173101085143, 0.48919567877785985, 0.4939973377289904, 0.48251570672900157, 0.47600385675365836, 0.49473149744754, 0.4915988464140488, 0.49563581897206926, 0.491225143929096, 0.49104477192541335, 0.48387822320339197, 0.480594923966233, 0.49411807803625896, 0.5001354137453826, 0.4804030328959152, 0.5016911553811103, 0.48937603318189216, 0.482083728567205, 0.49566148466700505, 0.4877157153901907]


Baseline - [0.13038711064739156, 0.25793404903571565, 0.34433149167351923, 0.3770248352944942, 0.4133565110889624, 0.4060702822598889, 0.4112087736741808, 0.4452318925020169, 0.4481933184382769, 0.433489266781997, 0.4549685504139948, 0.4244417704840044, 0.4514791318214121, 0.447818303697398, 0.44758203038324823, 0.4453289933134777, 0.45680879306566696, 0.458551376824389, 0.4561961278535194, 0.4567071797247411, 0.4381553037101891, 0.45393048890609733, 0.44482300966141014, 0.4632736764777453, 0.4600899240548694, 0.4679067513437118, 0.4734061524955369, 0.47033872495059487, 0.4690500008930066, 0.465931622504179, 0.462590684355762]



Amsterdam 
MAML- [0.0039819901668551125, 0.2643473463059387, 0.32068565064981847, 0.32666696200970563, 0.3341742947919406, 0.35128252780341535, 0.3480153572671599, 0.35715523858676673, 0.36146338395022265, 0.379028307943631, 0.3811699458117355, 0.35552329133405125, 0.38020363861577317, 0.38653223361084854, 0.37010662102179537, 0.3702148256637079, 0.37286964399522377, 0.3971137413133531, 0.37697393920724664, 0.37504511139126123, 0.38770119044490237, 0.3998375595699137, 0.3761770977177964, 0.38197544884694923, 0.3929105014561003, 0.37787825028380356, 0.3891018967519839, 0.3896270738667133, 0.3875987806506886, 0.3672738653294294, 0.3935778434508197]


Baseline- [0.18410601843385654, 0.18618297627693053, 0.24839122013035272, 0.2949819434789944, 0.25616471942683106, 0.21715987857985694, 0.25506304978412625, 0.286516441745931, 0.322858940641186, 0.318026244263248, 0.26584929213206476, 0.3377284486936796, 0.33565635515199804, 0.32493989541854007, 0.303722160915368, 0.3203531410970483, 0.34636311659926033, 0.3081105637426191, 0.3465324162165156, 0.333984693904804, 0.3215587462995748, 0.3436389389045251, 0.34123915172328073, 0.30765844469230874, 0.3584095272291657, 0.3071328566513488, 0.31857026806515726, 0.3635500375675755, 0.29859046432791087, 0.33292252595058897, 0.33768997455435845]





0.5km by 0.5km more data 

Tokyo

MAML - [0.01649322891257526, 0.4079845162405082, 0.45474376752667506, 0.4624888308958845, 0.46274204729074325, 0.46457298131708846, 0.46630738765390983, 0.4550093655378479, 0.4683426500758561, 0.45867722190318483, 0.46398195093971506, 0.4652130135593697, 0.45753453191246135, 0.45102850746230877, 0.45982586649387786, 0.45698143397207813, 0.45842510817500526, 0.4579072079884597, 0.4597983260683555, 0.4569879722514206, 0.4517242406314786, 0.4569196935966314, 0.45560248077758425, 0.4590293699740632, 0.45772246238231984, 0.4562963453344843, 0.4590936613398281, 0.45389067124431426, 0.45581948153109003, 0.45267992027562914, 0.46037241274631857]

Baseline - [0.13038705086574878, 0.2811622080889257, 0.4107392147842521, 0.41680063137963463, 0.4245613058927355, 0.4297190314216644, 0.442829448294659, 0.4267341606493792, 0.44114074774776413, 0.42876882285330564, 0.4297609176089875, 0.42352394000732246, 0.42038360876215203, 0.42279014740595494, 0.41461875320632025, 0.41863249059208574, 0.4187219767315202, 0.41760867990637235, 0.41848833111096606, 0.42583995415047654, 0.42325214454657806, 0.42476880555209, 0.4233413670482545, 0.4212517879430694, 0.4221324573028021, 0.41668636952366067, 0.4261136806162135, 0.42519036459028386, 0.41827006868050076, 0.413943618408221, 0.4076010455252778]




Doha
MAML - [0.018774870876522822, 0.42418789249912237, 0.4604781586381643, 0.461113047232368, 0.45448576445991584, 0.44542240273418576, 0.44384331806212435, 0.4059100318367513, 0.39110671226035737, 0.4131354007581579, 0.386157396858333, 0.3721934509079467, 0.36532541017216, 0.34897261623880127, 0.3731367061318908, 0.37609923283692953, 0.31716203881194854, 0.36415749882400555, 0.33258206099638243, 0.35874964156878497, 0.344445286825534, 0.32563761773045213, 0.334105593235064, 0.35175725110876954, 0.32369794270142815, 0.33721812177942273, 0.3326810147778399, 0.3339539392079807, 0.31456850175506645, 0.33136238668948303, 0.3393706215474008]



Baseline - [0.14570748166650163, 0.4151990624351422, 0.3915152467574151, 0.37309006455136584, 0.3822816507182166, 0.3835596380385755, 0.3718381735460049, 0.3629702994481013, 0.3587566207443037, 0.34142233756640533, 0.34860365632441853, 0.35397413349359835, 0.33980168254289495, 0.35781056712973963, 0.34288736671928316, 0.34332827834210156, 0.33823186098651475, 0.33736217559972487, 0.3346491530643628, 0.36106107667001497, 0.3387710905083911, 0.3432109623163172, 0.33550962037266385, 0.3451029523250526, 0.3242674080972493, 0.31883246431963436, 0.3170257147474778, 0.3419389428114426, 0.3317808568299561, 0.34290065567241323, 0.33890430019521994]




Boston-Roadmap
MAML - [0.2210248384672078, 0.4145614996072749, 0.5422914393565497, 0.528242927326598, 0.5220629408049412, 0.541759633354764, 0.5439684376894438, 0.5428390478040658, 0.545340712879777, 0.5459260740760258, 0.5446285099423163, 0.5358397348386881, 0.536973817948515, 0.5539291388313405, 0.5505653194649796, 0.5429457037712445, 0.5403656025373912, 0.5438857106395181, 0.5434021049861197, 0.5407562024372041, 0.5419432668594562, 0.5440659660663529, 0.5378254665165247, 0.5361109297191753, 0.5372545593598216, 0.5359367124995238, 0.5383011376830175, 0.5401798340089126, 0.5373159763562044, 0.5399745966009004, 0.537744746338037]

Baseline - ［0.010249686874137845, 0.04365252612841716, 0.11062021045175002, 0.13799672769963603, 0.17028949403149848, 0.12480218622124606, 0.003309705967769515, 0.0003891500121713683, 0.0005046627310655893, 0.00100273971300734, 0.0005757804162522501, 0.00013450445357911207, 0.09594770150654709, 0.11430502496372326, 0.1699614775138356, 0.16954014058668881, 0.16820619757154265, 0.17231507683975358, 0.17611156489668459, 0.14106929658404668, 0.21030980379151387, 0.19995407513471977, 0.008735480123806738, 0.2762864452093065, 0.3491080104784108, 0.18529700432077736, 0.10155451623735787, 0.11266239981191527, 0.3427280614613257, 0.27227165339937104, 0.3172707739039464］

［0.010249686874137845, 0.0436541804187784, 0.11054614399269205, 0.13808072290423276, 0.17056113447184398, 0.12616397857137385, 0.002934013130824699, 0.00039405747671533714, 0.0005214403626429259, 0.0007679322527407595, 0.0007781221401050519, 0.29114579870626794, 0.0005224190799185664, 0.0007186543918555686, 0.05125081733632252, 0.27408779320962956, 0.033555248036669205, 0.16102050083534433, 0.1458608843924273, 0.22484395635357973, 0.18702445282772062, 0.29834110032487055, 0.32540678140416635, 0.3423793805160651, 0.31266064437099766, 0.32811138278277346, 0.369725000633301, 0.363650372116102, 0.39470081206174995, 0.3912129377160027, 0.3213368732189793, 0.4006544136728541, 0.39816147877486635, 0.35501773049901214, 0.37682297795391284, 0.3822121373947336, 0.40748958942143665, 0.3856908304065143, 0.4154933111592892, 0.4066807209983201, 0.4086842301625187, 0.39779754402309897, 0.377456592291027, 0.41155884939095083, 0.4246392120183172, 0.4183609386295127, 0.4060576236329488, 0.41720986123971754, 0.4202600901780956, 0.4405114368193629, 0.35631620453786766, 0.41928560635250306, 0.3649934346812096, 0.4195816448257254, 0.35050455062912667, 0.3935421494383175, 0.4084935724463453, 0.38987955000375507, 0.381608060368656, 0.412473448026967, 0.4241533293602725］


Amsterdam
MAML- [0.0039819901668551125, 0.22367596047887417, 0.2936384049911789, 0.315604324677427, 0.32104251183246596, 0.3194539045427732, 0.32022375364373634, 0.3244449138584815, 0.30643598616923545, 0.3227297356052508, 0.32044874524338696, 0.32166677993678855, 0.3106768448788145, 0.3134062747391459, 0.3035023197471681, 0.304647803326298, 0.31624699864222133, 0.3072583983042274, 0.3169943762051417, 0.3057800794883238, 0.30966189321333915, 0.30921664011167715, 0.3171398047849126, 0.314378036391084, 0.30833538499274527, 0.3069674756507236, 0.30556007784909706, 0.30757299016741246, 0.3116236845379979, 0.310779007284549, 0.3074419205095886]


Baseline - [0.18410600517896009, 0.14606549424877238, 0.25551787127252024, 0.26333264497326225, 0.2521403473682405, 0.26310955555960663, 0.28029156633725727, 0.29185563216718347, 0.2800666719526441, 0.2964678135073456, 0.3120198673840812, 0.32163595328419825, 0.2910693868577878, 0.290788158385939, 0.31469153012436124, 0.3002980332823854, 0.3078267398098205, 0.302438187515229, 0.3168526465851254, 0.3037628632454542, 0.3014506407141937, 0.30087643970381084, 0.3127567522636029, 0.31902706081802035, 0.3164599825730166, 0.31688208726320577, 0.3110516937661133, 0.31828223921379956, 0.31371410868956523, 0.31164842144569305, 0.311188049122458]



Beijing 
MAML - [0.016624799981783595, 0.016596634720444543, 0.0620123154427996, 0.08029760164654841, 0.11301303654309734, 0.09109965819767081, 0.11024845300465075, 0.11380418307126264, 0.11416140420220651, 0.1016709922724956, 0.10953344115001228, 0.1085746244276971, 0.09051373178695868, 0.12074389383351164, 0.11361991204718566, 0.1044646555922616, 0.10926951880990092, 0.09874670591510137, 0.08797527310788501, 0.11159726645210633, 0.09913454175155126, 0.10973790475994669, 0.09352259580533097, 0.10777245104196302, 0.0873769011706389, 0.10160495763490009, 0.10271614887002128, 0.10832099789698997, 0.1023287273797025, 0.08954661417588258, 0.10342749289872072]


Baseline - [0.08598966854019392, 0.011986386408519161, 0.04991623487274823, 0.06402628509217323, 0.0934751452233244, 0.10548810184666273, 0.07688908937585527, 0.1063684495068667, 0.093279496437814, 0.09025857193909584, 0.08886356715691109, 0.10865633033440662, 0.0597789234886478, 0.09648883486278115, 0.07853046867892022, 0.0714143191573666, 0.0764652804360278, 0.072535059496026, 0.06588256841096829, 0.07407195045851132, 0.06690589569109229, 0.07599533980381883, 0.08394275817827342, 0.06534136748052459, 0.07513460916114385, 0.05550772694805656, 0.0656631402919433, 0.07005715863944519, 0.05716860808579608, 0.0576486113647352, 0.05734659348303108
]










